# "ConstructSurfaceMesh.surface_area" "Frame"
55860.953125 0 
56192.8515625 1 
57373.078125 2 
57361.7578125 3 
57634.515625 4 
58303.74609375 5 
58525.37109375 6 
59121.11328125 7 
59830.72265625 8 
60165.5 9 
60305.69140625 10 
60807.48828125 11 
61217.640625 12 
61639.99609375 13 
62030.4296875 14 
62494.93359375 15 
62910.90234375 16 
63416.45703125 17 
63811.23046875 18 
64183.125 19 
64639.13671875 20 
64860.46484375 21 
65368.5234375 22 
65807.921875 23 
66230.3671875 24 
66494.484375 25 
67096.7265625 26 
67618.25 27 
68196.6484375 28 
68553.8203125 29 
69454.671875 30 
70180.46875 31 
71284.6171875 32 
72275.03125 33 
73718.6328125 34 
74991.046875 35 
76365.90625 36 
77573.546875 37 
78068.6875 38 
79768.7734375 39 
81407.7734375 40 
83287.546875 41 
83914.71875 42 
85176.625 43 
86319.7265625 44 
87216.1328125 45 
88789.5390625 46 
90309.671875 47 
92038.7421875 48 
93105.5234375 49 
93497.9296875 50 
95546.328125 51 
95886.3203125 52 
96677.296875 53 
98291.6796875 54 
97824.015625 55 
99603.875 56 
99774.0078125 57 
101249.8046875 58 
102191.265625 59 
102803.53125 60 
104006.625 61 
104296.0703125 62 
104791.2578125 63 
106056.671875 64 
106730.6484375 65 
107895.953125 66 
108493.625 67 
108898.4140625 68 
109850.8984375 69 
111218.203125 70 
110708.9609375 71 
111705.9765625 72 
112264.3515625 73 
112749.5234375 74 
114037.1796875 75 
114102.125 76 
113705.3984375 77 
115875.03125 78 
116775.859375 79 
117769.8671875 80 
117708.3046875 81 
118318.7734375 82 
119551.890625 83 
120132.7890625 84 
120903.9921875 85 
122233.21875 86 
121635.203125 87 
123310.5859375 88 
123795.3515625 89 
123616.390625 90 
123561.5703125 91 
125256.4296875 92 
125117.015625 93 
126165.234375 94 
125363.1640625 95 
127404.546875 96 
127668.890625 97 
126485.5703125 98 
128259.1796875 99 
