# "ConstructSurfaceMesh.surface_area" "Frame"
55147.65625 0 
57001.9765625 1 
57481.62890625 2 
58066.9375 3 
59218.296875 4 
60246.40234375 5 
60891.47265625 6 
61862.73046875 7 
62462.33203125 8 
63187.54296875 9 
63872.4375 10 
64684.98828125 11 
65528.11328125 12 
66552.6328125 13 
67326.6171875 14 
68489.8515625 15 
69807.453125 16 
71521.015625 17 
73953.0234375 18 
77205.7890625 19 
82157.25 20 
93761.1484375 21 
109895.578125 22 
126956.453125 23 
140200.890625 24 
154470.234375 25 
165986.765625 26 
177305.390625 27 
187255.53125 28 
196641.578125 29 
203632.15625 30 
208206.21875 31 
214065.96875 32 
217865.03125 33 
221132.5 34 
222760.765625 35 
227434.4375 36 
231092.828125 37 
233282.6875 38 
235435.0625 39 
235463.375 40 
239658.140625 41 
240775.140625 42 
242278.15625 43 
245148.78125 44 
246695.515625 45 
248575.15625 46 
247617.265625 47 
250329.9375 48 
251834.15625 49 
253863.40625 50 
252978.671875 51 
255429.875 52 
255765.328125 53 
257564.796875 54 
257194.1875 55 
258265.484375 56 
259232.96875 57 
259631.8125 58 
260614.625 59 
261158.6875 60 
262801.53125 61 
263152.40625 62 
263461.4375 63 
263990.53125 64 
265424.375 65 
264224.40625 66 
266481.78125 67 
266943.4375 68 
266918.84375 69 
267195 70 
267964.9375 71 
268228.09375 72 
269616.46875 73 
269515.8125 74 
269724.78125 75 
270360.6875 76 
271298.46875 77 
270774.15625 78 
270479.34375 79 
270931.375 80 
271592.25 81 
273052.90625 82 
273958.5 83 
272863.09375 84 
272550.6875 85 
272023.65625 86 
273386.90625 87 
273492.59375 88 
275105.21875 89 
275170.90625 90 
274432.59375 91 
275310.84375 92 
276238.375 93 
276872.84375 94 
275762.9375 95 
275839.34375 96 
275136.3125 97 
277240.34375 98 
276591.15625 99 
276674.1875 100 
